 iElt = 1
 xLocal=  9.9999999999997370D-01 -8.9928069627119620D-11 -2.2929761835498870D-07
 yLocal=  1.3977030585769810D-10  9.9999997637531670D-01  2.1736919342063700D-04
 zLocal=  2.2929759339031310D-07 -2.1736919342066330D-04  9.9999997637529040D-01
 iElt = 2
 xLocal=  9.9999999999943840D-01  4.4613865485268930D-10 -1.0597783321554250D-06
 yLocal= -1.2150296123657630D-08  9.9993901324757890D-01 -1.1043993184443880D-02
 zLocal=  1.0597087725643970D-06  1.1043993184450550D-02  9.9993901324701740D-01
 iElt = 3
 xLocal=  9.9999999999999790D-01  4.7192151282768000D-08  4.7163906347564210D-08
 yLocal= -6.6719811157583310D-08  7.0729788975769940D-01  7.0691562095083260D-01
 zLocal=  1.9374957016448470D-12 -7.0691562095083400D-01  7.0729788975770080D-01
 iElt = 4
 xLocal=  9.9999999996033030D-01 -8.9058696689218820D-06 -1.5739702888643920D-07
 yLocal=  4.6790705243021400D-08  2.2922677314727250D-02 -9.9973724091119190D-01
 zLocal=  8.9071375320260950D-06  9.9973724087152540D-01  2.2922677314234630D-02
 iElt = 5
 xLocal=  9.9999999999999890D-01 -1.0674929440930750D-09  4.6714419488246940D-08
 yLocal=  4.6726614665700450D-08  2.2917081167090140D-02 -9.9973736920792290D-01
 zLocal= -3.3455555100216090D-12  9.9973736920792400D-01  2.2917081167090160D-02
 iElt = 6
 xLocal=  9.9999999999941520D-01  1.0787014808991340D-06  7.5105828418627880D-08
 yLocal=  5.0372616344706670D-08  2.2910414868035960D-02 -9.9973752199793510D-01
 zLocal= -1.0801390511776820D-06  9.9973752199735460D-01  2.2910414867968230D-02
 iElt = 7
 xLocal= -9.9999999928730930D-01 -3.7743213138323860D-05 -9.1150593345533570D-07
 yLocal=  4.8790482318822600D-06 -1.5313490125154110D-01  9.8820529344609110D-01
 zLocal= -3.7437626386065590D-05  9.8820529273735960D-01  1.5313490132655420D-01
 iElt = 8
 xLocal= -9.9999999985106170D-01  4.8478586256197490D-06 -1.6564267185496940D-05
 yLocal= -1.7259104282688660D-05 -2.8088279808593020D-01  9.5974207651928130D-01
 zLocal=  7.6188718871354660D-11  9.5974207666222330D-01  2.8088279812776570D-01
 iElt = 9
 xLocal= -9.9999999984036820D-01  4.0945675809905820D-07 -1.7863261180876370D-05
 yLocal= -1.7867953292200910D-05 -2.2914242288203010D-02  9.9973743412012640D-01
 zLocal=  2.6153969045113460D-11  9.9973743427971620D-01  2.2914242291861320D-02
 iElt = 10
 xLocal=  9.9999999942957510D-01 -2.5449459129355630D-05 -2.2207542915901040D-05
 yLocal= -2.5082112045429530D-05 -1.1917048430845680D-01 -9.9287380620125920D-01
 zLocal=  2.2621617706937940D-05  9.9287380619191120D-01 -1.1917048487880510D-01
 iElt = 11
 xLocal=  9.9999999996386350D-01 -6.9387431611605640D-07 -8.4730045271908710D-06
 yLocal= -8.4730198910446690D-06 -2.2145119094282790D-05 -9.9999999971890090D-01
 zLocal=  6.9368668022666770D-07  9.9999999975455610D-01 -2.2145124972693420D-05
